16 paleta ***************************************16 paleta ***************************************16 paleta ***************************************16 paleta ***************************************221
randomklijenti_poz=[98, 70, 107, 199, 126, 112, 196, 7, 111, 33, 166, 115, 102, 177, 106, 58, 96, 128, 182, 141, 149, 184, 84, 168, 64, 155, 79, 74, 147, 150, 85, 134, 175, 12, 109, 76, 161, 82, 80, 140, 29, 173, 88, 142, 154, 52, 15, 194, 11, 67, 162, 34, 139, 145, 28, 118, 91, 152, 136, 10, 86, 25, 27, 75, 190, 47, 135, 19, 146, 188]
kolicine_poz={98: 1, 70: 1, 107: 1, 199: 1, 126: 1, 112: 2, 196: 1, 7: 1, 111: 1, 33: 1, 166: 1, 115: 1, 102: 1, 177: 1, 106: 2, 58: 2, 96: 1, 128: 1, 182: 2, 141: 1, 149: 1, 184: 1, 84: 1, 168: 1, 64: 2, 155: 1, 79: 1, 74: 1, 147: 2, 150: 2, 85: 1, 134: 1, 175: 1, 12: 1, 109: 1, 76: 1, 161: 1, 82: 2, 80: 1, 140: 1, 29: 1, 173: 1, 88: 1, 142: 2, 154: 2, 52: 1, 15: 1, 194: 1, 11: 2, 67: 2, 162: 2, 34: 2, 139: 2, 145: 1, 28: 2, 118: 2, 91: 2, 152: 1, 136: 2, 10: 2, 86: 2, 25: 2, 27: 1, 75: 2, 190: 2, 47: 2, 135: 2, 19: 2, 146: 3, 188: 3}
randomklijenti_neg=[-67, -47, -112, -168, -154, -33, -25, -128, -162, -82, -34, -182, -86, -84, -85]
kolicine_neg={-67: 1, -47: 1, -112: 1, -168: 1, -154: 1, -33: 1, -25: 1, -128: 1, -162: 1, -82: 1, -34: 1, -182: 1, -86: 1, -84: 1, -85: 1}
randomklijenti_svi=[98, 70, 107, 199, 126, 112, 196, 7, 111, 33, 166, 115, 102, 177, 106, 58, 96, 128, 182, 141, 149, 184, 84, 168, 64, 155, 79, 74, 147, 150, 85, 134, 175, 12, 109, 76, 161, 82, 80, 140, 29, 173, 88, 142, 154, 52, 15, 194, 11, 67, 162, 34, 139, 145, 28, 118, 91, 152, 136, 10, 86, 25, 27, 75, 190, 47, 135, 19, 146, 188, -67, -47, -112, -168, -154, -33, -25, -128, -162, -82, -34, -182, -86, -84, -85]
16 paleta ***************************************221
randomklijenti_poz=[98, 70, 107, 199, 126, 112, 196, 7, 111, 33, 166, 115, 102, 177, 106, 58, 96, 128, 182, 141, 149, 184, 84, 168, 64, 155, 79, 74, 147, 150, 85, 134, 175, 12, 109, 76, 161, 82, 80, 140, 29, 173, 88, 142, 154, 52, 15, 194, 11, 67, 162, 34, 139, 145, 28, 118, 91, 152, 136, 10, 86, 25, 27, 75, 190, 47, 135, 19, 146, 188]
kolicine_poz={98: 1, 70: 1, 107: 1, 199: 1, 126: 1, 112: 2, 196: 1, 7: 1, 111: 1, 33: 1, 166: 1, 115: 1, 102: 1, 177: 1, 106: 2, 58: 2, 96: 1, 128: 1, 182: 2, 141: 1, 149: 1, 184: 1, 84: 1, 168: 1, 64: 2, 155: 1, 79: 1, 74: 1, 147: 2, 150: 2, 85: 1, 134: 1, 175: 1, 12: 1, 109: 1, 76: 1, 161: 1, 82: 2, 80: 1, 140: 1, 29: 1, 173: 1, 88: 1, 142: 2, 154: 2, 52: 1, 15: 1, 194: 1, 11: 2, 67: 2, 162: 2, 34: 2, 139: 2, 145: 1, 28: 2, 118: 2, 91: 2, 152: 1, 136: 2, 10: 2, 86: 2, 25: 2, 27: 1, 75: 2, 190: 2, 47: 2, 135: 2, 19: 2, 146: 3, 188: 3}
randomklijenti_neg=[-67, -47, -112, -168, -154, -33, -25, -128, -162, -82, -34, -182, -86, -84, -85]
kolicine_neg={-67: 1, -47: 1, -112: 1, -168: 1, -154: 1, -33: 1, -25: 1, -128: 1, -162: 1, -82: 1, -34: 1, -182: 1, -86: 1, -84: 1, -85: 1}
randomklijenti_svi=[98, 70, 107, 199, 126, 112, 196, 7, 111, 33, 166, 115, 102, 177, 106, 58, 96, 128, 182, 141, 149, 184, 84, 168, 64, 155, 79, 74, 147, 150, 85, 134, 175, 12, 109, 76, 161, 82, 80, 140, 29, 173, 88, 142, 154, 52, 15, 194, 11, 67, 162, 34, 139, 145, 28, 118, 91, 152, 136, 10, 86, 25, 27, 75, 190, 47, 135, 19, 146, 188, -67, -47, -112, -168, -154, -33, -25, -128, -162, -82, -34, -182, -86, -84, -85]
16 paleta ***************************************221
randomklijenti_poz=[98, 70, 107, 199, 126, 112, 196, 7, 111, 33, 166, 115, 102, 177, 106, 58, 96, 128, 182, 141, 149, 184, 84, 168, 64, 155, 79, 74, 147, 150, 85, 134, 175, 12, 109, 76, 161, 82, 80, 140, 29, 173, 88, 142, 154, 52, 15, 194, 11, 67, 162, 34, 139, 145, 28, 118, 91, 152, 136, 10, 86, 25, 27, 75, 190, 47, 135, 19, 146, 188]
kolicine_poz={98: 1, 70: 1, 107: 1, 199: 1, 126: 1, 112: 2, 196: 1, 7: 1, 111: 1, 33: 1, 166: 1, 115: 1, 102: 1, 177: 1, 106: 2, 58: 2, 96: 1, 128: 1, 182: 2, 141: 1, 149: 1, 184: 1, 84: 1, 168: 1, 64: 2, 155: 1, 79: 1, 74: 1, 147: 2, 150: 2, 85: 1, 134: 1, 175: 1, 12: 1, 109: 1, 76: 1, 161: 1, 82: 2, 80: 1, 140: 1, 29: 1, 173: 1, 88: 1, 142: 2, 154: 2, 52: 1, 15: 1, 194: 1, 11: 2, 67: 2, 162: 2, 34: 2, 139: 2, 145: 1, 28: 2, 118: 2, 91: 2, 152: 1, 136: 2, 10: 2, 86: 2, 25: 2, 27: 1, 75: 2, 190: 2, 47: 2, 135: 2, 19: 2, 146: 3, 188: 3}
randomklijenti_neg=[-67, -47, -112, -168, -154, -33, -25, -128, -162, -82, -34, -182, -86, -84, -85]
kolicine_neg={-67: 1, -47: 1, -112: 1, -168: 1, -154: 1, -33: 1, -25: 1, -128: 1, -162: 1, -82: 1, -34: 1, -182: 1, -86: 1, -84: 1, -85: 1}
randomklijenti_svi=[98, 70, 107, 199, 126, 112, 196, 7, 111, 33, 166, 115, 102, 177, 106, 58, 96, 128, 182, 141, 149, 184, 84, 168, 64, 155, 79, 74, 147, 150, 85, 134, 175, 12, 109, 76, 161, 82, 80, 140, 29, 173, 88, 142, 154, 52, 15, 194, 11, 67, 162, 34, 139, 145, 28, 118, 91, 152, 136, 10, 86, 25, 27, 75, 190, 47, 135, 19, 146, 188, -67, -47, -112, -168, -154, -33, -25, -128, -162, -82, -34, -182, -86, -84, -85]
16 paleta ***************************************221
randomklijenti_poz=[98, 70, 107, 199, 126, 112, 196, 7, 111, 33, 166, 115, 102, 177, 106, 58, 96, 128, 182, 141, 149, 184, 84, 168, 64, 155, 79, 74, 147, 150, 85, 134, 175, 12, 109, 76, 161, 82, 80, 140, 29, 173, 88, 142, 154, 52, 15, 194, 11, 67, 162, 34, 139, 145, 28, 118, 91, 152, 136, 10, 86, 25, 27, 75, 190, 47, 135, 19, 146, 188]
kolicine_poz={98: 1, 70: 1, 107: 1, 199: 1, 126: 1, 112: 2, 196: 1, 7: 1, 111: 1, 33: 1, 166: 1, 115: 1, 102: 1, 177: 1, 106: 2, 58: 2, 96: 1, 128: 1, 182: 2, 141: 1, 149: 1, 184: 1, 84: 1, 168: 1, 64: 2, 155: 1, 79: 1, 74: 1, 147: 2, 150: 2, 85: 1, 134: 1, 175: 1, 12: 1, 109: 1, 76: 1, 161: 1, 82: 2, 80: 1, 140: 1, 29: 1, 173: 1, 88: 1, 142: 2, 154: 2, 52: 1, 15: 1, 194: 1, 11: 2, 67: 2, 162: 2, 34: 2, 139: 2, 145: 1, 28: 2, 118: 2, 91: 2, 152: 1, 136: 2, 10: 2, 86: 2, 25: 2, 27: 1, 75: 2, 190: 2, 47: 2, 135: 2, 19: 2, 146: 3, 188: 3}
randomklijenti_neg=[-67, -47, -112, -168, -154, -33, -25, -128, -162, -82, -34, -182, -86, -84, -85]
kolicine_neg={-67: 1, -47: 1, -112: 1, -168: 1, -154: 1, -33: 1, -25: 1, -128: 1, -162: 1, -82: 1, -34: 1, -182: 1, -86: 1, -84: 1, -85: 1}
randomklijenti_svi=[98, 70, 107, 199, 126, 112, 196, 7, 111, 33, 166, 115, 102, 177, 106, 58, 96, 128, 182, 141, 149, 184, 84, 168, 64, 155, 79, 74, 147, 150, 85, 134, 175, 12, 109, 76, 161, 82, 80, 140, 29, 173, 88, 142, 154, 52, 15, 194, 11, 67, 162, 34, 139, 145, 28, 118, 91, 152, 136, 10, 86, 25, 27, 75, 190, 47, 135, 19, 146, 188, -67, -47, -112, -168, -154, -33, -25, -128, -162, -82, -34, -182, -86, -84, -85]
16 paleta ***************************************221
randomklijenti_poz=[98, 70, 107, 199, 126, 112, 196, 7, 111, 33, 166, 115, 102, 177, 106, 58, 96, 128, 182, 141, 149, 184, 84, 168, 64, 155, 79, 74, 147, 150, 85, 134, 175, 12, 109, 76, 161, 82, 80, 140, 29, 173, 88, 142, 154, 52, 15, 194, 11, 67, 162, 34, 139, 145, 28, 118, 91, 152, 136, 10, 86, 25, 27, 75, 190, 47, 135, 19, 146, 188]
kolicine_poz={98: 1, 70: 1, 107: 1, 199: 1, 126: 1, 112: 2, 196: 1, 7: 1, 111: 1, 33: 1, 166: 1, 115: 1, 102: 1, 177: 1, 106: 2, 58: 2, 96: 1, 128: 1, 182: 2, 141: 1, 149: 1, 184: 1, 84: 1, 168: 1, 64: 2, 155: 1, 79: 1, 74: 1, 147: 2, 150: 2, 85: 1, 134: 1, 175: 1, 12: 1, 109: 1, 76: 1, 161: 1, 82: 2, 80: 1, 140: 1, 29: 1, 173: 1, 88: 1, 142: 2, 154: 2, 52: 1, 15: 1, 194: 1, 11: 2, 67: 2, 162: 2, 34: 2, 139: 2, 145: 1, 28: 2, 118: 2, 91: 2, 152: 1, 136: 2, 10: 2, 86: 2, 25: 2, 27: 1, 75: 2, 190: 2, 47: 2, 135: 2, 19: 2, 146: 3, 188: 3}
randomklijenti_neg=[-67, -47, -112, -168, -154, -33, -25, -128, -162, -82, -34, -182, -86, -84, -85]
kolicine_neg={-67: 1, -47: 1, -112: 1, -168: 1, -154: 1, -33: 1, -25: 1, -128: 1, -162: 1, -82: 1, -34: 1, -182: 1, -86: 1, -84: 1, -85: 1}
randomklijenti_svi=[98, 70, 107, 199, 126, 112, 196, 7, 111, 33, 166, 115, 102, 177, 106, 58, 96, 128, 182, 141, 149, 184, 84, 168, 64, 155, 79, 74, 147, 150, 85, 134, 175, 12, 109, 76, 161, 82, 80, 140, 29, 173, 88, 142, 154, 52, 15, 194, 11, 67, 162, 34, 139, 145, 28, 118, 91, 152, 136, 10, 86, 25, 27, 75, 190, 47, 135, 19, 146, 188, -67, -47, -112, -168, -154, -33, -25, -128, -162, -82, -34, -182, -86, -84, -85]
211
randomklijenti_poz=[98, 70, 107, 199, 126, 112, 196, 7, 111, 33, 166, 115, 102, 177, 106, 58, 96, 128, 182, 141, 149, 184, 84, 168, 64, 155, 79, 74, 147, 150, 85, 134, 175, 12, 109, 76, 161, 82, 80, 140, 29, 173, 88, 142, 154, 52, 15, 194, 11, 67, 162, 34, 139, 145, 28, 118, 91, 152, 136, 10, 86, 25, 27, 75, 190, 47, 135, 19, 146, 188]
kolicine_poz={98: 1, 70: 1, 107: 1, 199: 1, 126: 1, 112: 1, 196: 1, 7: 2, 111: 1, 33: 2, 166: 2, 115: 1, 102: 1, 177: 2, 106: 2, 58: 2, 96: 1, 128: 1, 182: 1, 141: 2, 149: 1, 184: 1, 84: 2, 168: 1, 64: 2, 155: 1, 79: 1, 74: 1, 147: 1, 150: 2, 85: 1, 134: 1, 175: 1, 12: 1, 109: 1, 76: 1, 161: 1, 82: 1, 80: 2, 140: 1, 29: 1, 173: 1, 88: 2, 142: 2, 154: 2, 52: 1, 15: 1, 194: 1, 11: 1, 67: 2, 162: 1, 34: 2, 139: 2, 145: 1, 28: 2, 118: 2, 91: 2, 152: 1, 136: 2, 10: 2, 86: 2, 25: 2, 27: 1, 75: 2, 190: 2, 47: 2, 135: 2, 19: 2, 146: 3, 188: 3}
randomklijenti_neg=[-67, -98, -109, -12, -118, -175, -173, -27, -106, -145, -126, -115, -7, -85, -155]
kolicine_neg={-67: 1, -98: 1, -109: 1, -12: 1, -118: 1, -175: 1, -173: 1, -27: 1, -106: 1, -145: 1, -126: 1, -115: 1, -7: 1, -85: 1, -155: 1}
randomklijenti_svi=[98, 70, 107, 199, 126, 112, 196, 7, 111, 33, 166, 115, 102, 177, 106, 58, 96, 128, 182, 141, 149, 184, 84, 168, 64, 155, 79, 74, 147, 150, 85, 134, 175, 12, 109, 76, 161, 82, 80, 140, 29, 173, 88, 142, 154, 52, 15, 194, 11, 67, 162, 34, 139, 145, 28, 118, 91, 152, 136, 10, 86, 25, 27, 75, 190, 47, 135, 19, 146, 188, -67, -98, -109, -12, -118, -175, -173, -27, -106, -145, -126, -115, -7, -85, -155]
332
randomklijenti_poz=[98, 70, 107, 199, 126, 196, 7, 111, 33, 166, 115, 102, 177, 106, 96, 128, 182, 141, 149, 184, 84, 168, 155, 79, 74, 85, 134, 175, 12, 109, 76, 161, 82, 80, 140, 29, 173, 88, 142, 52, 15, 194, 11, 67, 162, 34, 139, 145, 28, 118, 91, 152, 136, 10, 86, 25, 27, 75, 190, 47, 135, 19, 146, 188]
kolicine_poz={98: 1, 70: 1, 107: 1, 199: 1, 126: 2, 196: 1, 7: 1, 111: 1, 33: 1, 166: 1, 115: 1, 102: 1, 177: 1, 106: 1, 96: 1, 128: 1, 182: 1, 141: 2, 149: 1, 184: 1, 84: 1, 168: 2, 155: 1, 79: 1, 74: 2, 85: 1, 134: 1, 175: 1, 12: 1, 109: 1, 76: 1, 161: 1, 82: 1, 80: 1, 140: 1, 29: 1, 173: 1, 88: 1, 142: 1, 52: 1, 15: 2, 194: 1, 11: 1, 67: 1, 162: 1, 34: 1, 139: 1, 145: 2, 28: 1, 118: 1, 91: 2, 152: 2, 136: 2, 10: 2, 86: 2, 25: 2, 27: 2, 75: 3, 190: 3, 47: 3, 135: 3, 19: 2, 146: 2, 188: 3}
randomklijenti_neg=[-118, -70, -126, -12, -199, -152, -79, -134, -173, -136, -155, -161, -139, -10, -194]
kolicine_neg={-118: 1, -70: 1, -126: 1, -12: 1, -199: 1, -152: 1, -79: 1, -134: 1, -173: 1, -136: 1, -155: 1, -161: 1, -139: 1, -10: 1, -194: 1}
randomklijenti_svi=[98, 70, 107, 199, 126, 196, 7, 111, 33, 166, 115, 102, 177, 106, 96, 128, 182, 141, 149, 184, 84, 168, 155, 79, 74, 85, 134, 175, 12, 109, 76, 161, 82, 80, 140, 29, 173, 88, 142, 52, 15, 194, 11, 67, 162, 34, 139, 145, 28, 118, 91, 152, 136, 10, 86, 25, 27, 75, 190, 47, 135, 19, 146, 188, -118, -70, -126, -12, -199, -152, -79, -134, -173, -136, -155, -161, -139, -10, -194]
322
randomklijenti_poz=[199, 126, 112, 196, 7, 111, 33, 166, 115, 102, 177, 106, 96, 128, 182, 141, 149, 184, 84, 168, 155, 79, 74, 147, 85, 134, 175, 12, 109, 76, 161, 82, 80, 140, 29, 173, 88, 142, 52, 15, 194, 11, 67, 162, 34, 139, 145, 28, 118, 91, 152, 136, 10, 86, 25, 27, 75, 190, 47, 135, 19, 146, 188]
kolicine_poz={199: 1, 126: 2, 112: 1, 196: 1, 7: 1, 111: 1, 33: 1, 166: 1, 115: 1, 102: 1, 177: 1, 106: 1, 96: 1, 128: 1, 182: 1, 141: 1, 149: 1, 184: 1, 84: 1, 168: 1, 155: 1, 79: 1, 74: 2, 147: 1, 85: 1, 134: 1, 175: 1, 12: 1, 109: 1, 76: 1, 161: 1, 82: 1, 80: 1, 140: 1, 29: 1, 173: 1, 88: 1, 142: 1, 52: 1, 15: 2, 194: 1, 11: 1, 67: 1, 162: 1, 34: 1, 139: 1, 145: 2, 28: 2, 118: 1, 91: 2, 152: 2, 136: 2, 10: 2, 86: 2, 25: 2, 27: 2, 75: 2, 190: 3, 47: 3, 135: 3, 19: 2, 146: 2, 188: 3}
randomklijenti_neg=[-82, -136, -88, -146, -188, -147, -28, -139, -128, -152]
kolicine_neg={-82: 1, -136: 1, -88: 1, -146: 1, -188: 1, -147: 1, -28: 1, -139: 1, -128: 1, -152: 1}
randomklijenti_svi=[199, 126, 112, 196, 7, 111, 33, 166, 115, 102, 177, 106, 96, 128, 182, 141, 149, 184, 84, 168, 155, 79, 74, 147, 85, 134, 175, 12, 109, 76, 161, 82, 80, 140, 29, 173, 88, 142, 52, 15, 194, 11, 67, 162, 34, 139, 145, 28, 118, 91, 152, 136, 10, 86, 25, 27, 75, 190, 47, 135, 19, 146, 188, -82, -136, -88, -146, -188, -147, -28, -139, -128, -152]
443
randomklijenti_poz=[199, 112, 196, 7, 111, 33, 166, 115, 102, 177, 58, 96, 128, 149, 184, 84, 64, 155, 79, 147, 150, 85, 134, 175, 12, 109, 76, 161, 80, 140, 29, 173, 88, 154, 52, 194, 11, 67, 162, 34, 139, 145, 28, 118, 91, 152, 136, 10, 86, 25, 27, 75, 190, 47, 135, 19, 146, 188]
kolicine_poz={199: 1, 112: 1, 196: 1, 7: 1, 111: 1, 33: 1, 166: 1, 115: 1, 102: 1, 177: 1, 58: 1, 96: 1, 128: 1, 149: 1, 184: 1, 84: 1, 64: 1, 155: 1, 79: 1, 147: 1, 150: 1, 85: 1, 134: 1, 175: 1, 12: 1, 109: 1, 76: 1, 161: 1, 80: 1, 140: 1, 29: 1, 173: 1, 88: 1, 154: 1, 52: 1, 194: 1, 11: 1, 67: 1, 162: 1, 34: 1, 139: 1, 145: 1, 28: 1, 118: 1, 91: 1, 152: 2, 136: 1, 10: 1, 86: 1, 25: 1, 27: 3, 75: 1, 190: 1, 47: 1, 135: 2, 19: 3, 146: 2, 188: 2}
randomklijenti_neg=[-149, -140, -135, -19, -166, -150, -145, -76, -91, -29, -58, -115, -196, -147, -52]
kolicine_neg={-149: 1, -140: 1, -135: 1, -19: 1, -166: 1, -150: 1, -145: 1, -76: 1, -91: 1, -29: 1, -58: 1, -115: 1, -196: 1, -147: 1, -52: 1}
randomklijenti_svi=[199, 112, 196, 7, 111, 33, 166, 115, 102, 177, 58, 96, 128, 149, 184, 84, 64, 155, 79, 147, 150, 85, 134, 175, 12, 109, 76, 161, 80, 140, 29, 173, 88, 154, 52, 194, 11, 67, 162, 34, 139, 145, 28, 118, 91, 152, 136, 10, 86, 25, 27, 75, 190, 47, 135, 19, 146, 188, -149, -140, -135, -19, -166, -150, -145, -76, -91, -29, -58, -115, -196, -147, -52]
